 1   976   980  -598  -598     1    75 "1section"
 1   976   980   600   600     1    75 "1section"
 1  -976  -976   598   600     1    75 "1section"
 1   980   980   598   600     1    75 "1section"
 2  1013  1052  -830  -830     1    75 "2Denmark"
 3   869   892  -848  -848     1    75 "3Davis"
 3   925   966  -943  -943     1    75 "3Davis"
 4   935  1027   522   522     1    75 "4SW"
 5  1101  1123  -786  -786     1    75 "5section"
 5  1087  1101  -800  -800     1    75 "5section"
 5  1077  1087  -816  -816     1    75 "5section"
 5 -1087 -1087   800   816     1    75 "5section"
 5 -1101 -1101   786   800     1    75 "5section"
 6  1028  1110   522   522     1    75 "6SE"
 7 -1126 -1126   653   654     1    75 "7Med"
 8  1132  1168  -780  -780     1    75 "8EngChan"
 9     1  1442     1  1021     0     0 "9surface"
